1418
1505
1374
1399
1456
1373
1315
1424
1240
1315
1366
1365
1313
1349
1348
1265
1313
1347
1386
1263
1309
1346
1363
1311
1361
1342
1366
1330
1331
1383
1327
1364
1314
1384
1310
1304
1331
1466
1315
1378
1286
1361
1356
1531
1347
1288
1310
1386
1384
1333
1350
1326
1383
1347
1394
1330
1394
1342
1418
1388
1289
1389
1353
1286
1289
1336
1279
1374
1395
1301
1281
1398
1323
1342
1318
1328
1299
1360
1266
1315
1265
1297
1271
1290
1317
1310
1364
1295
1344
1269
1328
1363
1327
1325
1298
1388
1309
1668
1399
1372
1393
1391
1421
1351
1352
1283
1409
1432
1685
1332
1319
1297
1538
1362
1351
1304
1430
1347
1313
1295
1370
1265
1438
1272
1366
1317
1407
1372
1316
1388
1410
1261
1325
1364
1340
1364
1384
1531
1328
1315
1409
1431
1381
1299
1318
1263
1340
1294
1358
1325
1232
1304
1303
1281
1417
1382
1323
1413
1396
1355
1299
1518
1345
1311
1334
1326
1324
1328
1318
1287
1395
1321
1347
1338
1391
1506
1357
1405
1360
1308
1426
1318
1456
1317
1461
1281
1271
1326
1316
1684
1317
1391
1384
1434
1741
1378
1361
1475
1622
1369
1590
1877
1312
1459
1357
1364
1334
1363
1352
1423
1345
1438
1366
1322
1331
1451
1452
1407
1419
1475
1401
1347
1335
1447
1380
1334
1347
1459
1414
1402
1407
1364
1455
1413
1329
1371
1432
1409
1306
1391
1437
1391
1337
1357
1280
1457
1332
1388
1412
1358
1342
1351
1368
1448
1290
1321
1434
1366
1339
1367
1372
1411
1429
1450
1780
1316
1432
1337
1348
1348
1383
1419
1434
1353
1374
1333
1392
1422
1432
1398
1415
1377
1422
1271
1297
1366
1365
1299
1363
1345
1426
1283
1387
1486
1440
1376
1456
1403
1360
1323
1339
1383
1302
1271
1338
1398
1367
1367
1340
1277
1229
1500
1387
1429
1392
1436
1435
1391
1447
1503
1398
1317
1406
1403
1395
1476
1434
1551
1430
1299
1324
1338
1309
1396
1425
1338
1290
1422
1390
1419
1354
1348
1387
1435
1368
1369
1374
1431
1423
1392
1394
1436
1372
1397
1388
1431
1348
1413
1300
1388
1361
1298
1418
1430
1420
1301
1374
1432
1378
1474
1390
1426
1335
1268
1497
1362
1355
1395
1359
1399
1465
1393
1395
1400
1393
1343
1446
1389
1352
1408
1330
1406
1308
1543
1412
1358
1368
1428
1435
1534
1358
1399
1543
1345
1338
1339
1363
1361
1358
1265
1458
1351
1503
1390
1330
1345
1460
1312
1338
1423
1410
1392
1420
1472
1312
1298
1426
1319
1398
1340
1301
1348
1366
1367
1343
1414
1483
1362
1498
1477
1390
1372
1471
1388
1363
1358
1424
1410
1385
1359
1397
1330
1376
1308
1485
1341
1285
1387
1365
1316
1344
1343
1369
1309
1341
1321
1316
1396
1490
1314
1368
1417
1382
1301
1374
1500
1376
1412
1415
1306
1381
1415
1349
1305
1372
1438
1404
1341
1380
1378
1312
1395
1378
1301
1307
1336
1341
1397
1325
1317
1411
1453
1417
1265
1389
1397
1434
1334
1338
1355
1435
1429
1324
1362
1384
1470
1357
1354
1347
1381
1314
1397
1430
1426
1306
1325
1405
1320
1275
1278
1445
1453
1314
1369
1376
1477
1514
1493
1338
1401
1314
1365
1448
1428
1420
1381
1442
1392
1363
1320
1323
1412
1356
1425
1280
1338
1368
1350
1301
1335
1286
1295
1379
1350
1390
1292
1303
1318
1319
1375
1384
1396
1496
1336
1283
1318
1364
1358
1296
1373
1365
1549
1289
1265
1369
1383
1268
1350
1347
1407
1414
1289
1355
1325
1331
1635
1495
1390
1371
1357
1416
1442
1345
1285
1383
1369
1419
1353
1519
1355
1408
1355
1577
1392
1305
1351
1549
1345
1369
1323
1496
1368
1423
1363
1320
1345
1342
1345
1585
1482
1476
1474
1448
1384
1592
1484
1485
1456
1526
1520
1469
1485
1437
1470
1531
1518
1493
1605
1489
1423
1483
1545
1552
1512
1450
1480
1407
1413
1379
1413
1485
1453
1563
1495
1444
1425
1503
1438
1477
1586
1434
1446
1463
1531
1489
1479
1490
1411
1402
1603
1522
1462
1420
1529
1489
1513
1416
1471
1406
1428
1523
1644
1445
1503
1453
1505
1494
1429
1528
1411
1526
1467
1532
1589
1464
1533
1481
1507
1531
1466
1492
1424
1486
1495
1460
1485
1489
1468
1523
1508
1473
1571
1528
1385
1471
1557
1532
1477
1433
1457
1442
1881
1477
1562
1438
1516
1380
1484
1408
1495
1412
1299
1382
1272
1316
1330
1319
1350
1315
1325
1334
1376
1272
1356
1384
1395
1366
1375
1331
1390
1557
1408
1627
1310
1347
1351
1391
1356
1311
1346
1348
1358
1321
1314
1344
1360
1343
1357
1333
1352
1408
1508
1433
1440
1449
1395
1380
1651
1303
1367
1502
1370
1418
1418
1390
1368
1393
1426
1339
1322
1318
1437
1363
1366
1351
1407
1351
1429
1363
1379
1334
1292
1296
1392
1351
1293
1273
1374
1502
1345
1291
1325
1261
1373
1348
1359
1362
1354
1442
1413
1318
1356
1347
1522
1360
1371
1409
1369
1332
1497
1379
1310
1392
1545
1433
1339
1460
1335
1399
1384
1329
1587
1389
1391
1388
1318
1417
1405
1458
1482
1408
1400
1406
1347
1458
1364
1353
1385
1346
1316
1433
1358
1503
1336
1434
1364
1287
1402
1396
1396
1281
1370
1309
1311
1408
1339
1398
1372
1422
1298
1350
1365
1308
1414
1300
1443
1375
1412
1295
1395
1358
1369
1284
1382
1279
1398
1369
1335
1276
1357
1351
1266
1367
1361
1400
1413
1473
1450
1529
1542
1559
1502
1434
1501
1432
1494
1451
1551
1584
1355
1471
1424
1457
1380
1453
1388
1448
1429
1544
1393
1353
1448
1475
1490
1950
1493
1535
1403
1414
1484
1493
1445
1510
1372
60722
1359
1402
1518
1345
1451
1373
1412
1487
1548
1541
1478
1551
1424
1426
1437
1375
1462
1482
1471
1477
1405
1472
1443
1478
1459
1452
1410
1468
1523
1424
1475
1516
1405
1418
1506
1395
1504
1467
1459
1452
1614
1461
1480
1419
1405
1444
1468
1380
1426
1424
1431
1378
1507
1481
1396
1403
1434
1397
1387
1407
1357
1485
1428
1342
1429
1419
1439
1442
1380
1412
1460
1420
1446
1433
1446
1389
1404
1462
1419
1567
1465
1483
1459
1404
1475
1352
1475
1398
1450
1367
1423
1358
1397
1469
1411
1455
1505
1409
1449
1413
1506
1389
1458
1340
1434
1462
1865
1480
1420
1430
1333
1440
1513
1439
1382
1456
1425
1436
1547
1465
1406
1424
1329
1433
1360
1557
1440
1401
1488
1460
1367
1425
1491
1403
1452
1525
1435
1425
1426
1422
1450
1351
1569
1399
1588
1462
1586
1496
1550
1531
1549
1564
1503
1622
1674
1574
1676
1558
1641
1589
1615
1530
1494
1564
1567
1576
1577
1634
1605
1494
1652
1643
1611
1545
1510
1450
1577
1600
1537
1504
1480
1574
1600
1656
1525
1622
1607
1582
1552
1529
1621
1535
1523
1522
1479
1579
1769
1475
1530
1518
1577
1446
1498
1505
1543
1524
1591
1650
1548
1500
1564
1635
1555
1650
6042
1475
1669
1531
1609
1585
1536
1601
1572
1791
1614
1592
1517
1584
1619
1536
1487
1509
1542
1517
1536
1534
1468
1543
1565
1536
1538
1570
1569
1530
1591
1566
1458
1562
1562
1581
1569
1492
1492
1597
1601
1690
1642
1663
1675
1740
1695
1675
1650
1791
1653
1747
1732
1679
1725
1680
1737
1833
1779
1674
1650
1676
1657
1762
1663
1748
1707
1743
1790
1810
1750
1728
1761
1720
1659
1730
1636
1769
1712
1807
2058
1753
1660
1727
1761
1746
1752
1637
1734
1687
1675
1764
1827
1765
2411
1749
1818
1691
1762
1701
1765
1838
1867
1865
1831
1931
1866
1854
1835
1949
1903
2096
1915
1853
1965
1841
1845
1898
1783
1796
2039
1900
1922
1881
1953
1845
1887
1822
2007
1932
1985
1875
1909
1966
1975
2036
1855
1993
1872
2121
1873
1823
1883
1843
1799
1845
1857
2067
1814
1832
1834
1867
1877
2120
1794
1939
1910
1899
1835
1916
1882
1924
1928
1901
1942
1916
1946
1828
1988
1870
1930
1875
1976
2008
1924
1890
1773
1881
1890
1976
1968
1941
1873
1876
1893
1916
1924
1852
1833
1903
1814
1876
1810
1894
1871
1955
1948
1926
1865
1916
1829
1870
1888
1916
1852
1914
1799
1903
2101
1916
1868
1927
1917
1813
1885
1852
1808
1910
1982
1866
2455
1833
1815
1860
1828
1877
1805
1818
1852
1847
1838
1961
1956
1979
1906
1847
1901
1888
1977
1848
1900
2029
1943
2001
1928
2054
1965
1988
1970
1911
1946
1971
1933
1944
1908
1904
1972
1910
1888
1976
1825
1907
1800
1900
1882
1842
1850
1857
2224
1885
2557
2104
2134
1957
2053
2004
2080
2145
2004
2103
2087
2120
2033
2093
2080
2180
2181
2136
2260
2066
2103
2763
2209
2153
2250
2087
2042
2093
2057
2195
2009
2063
2041
2073
2074
2116
2040
2289
2116
2068
2060
2054
2073
1971
2175
2078
2089
2125
2119
2114
1994
1991
2035
2150
2041
2170
2140
2123
2060
2242
2250
2186
2151
2179
2133
2634
2126
2192
2106
2156
2087
2164
2317
2152
2092
2227
2033
2224
2148
2001
2093
2039
2078
2143
2088
2093
2051
2099
2091
2155
2050
2026
2213
2072
2083
2181
2178
2078
2145
2048
2083
2147
2117
2096
2094
2066
2074
2012
2061
2184
2122
2116
2059
2195
2054
2060
2068
2035
2183
2033
2050
2113
2018
2135
2114
2445
2130
2188
2120
2040
2192
2098
2140
2087
2064
2064
2029
2109
2129
2094
2286
2078
2062
2031
2153
2173
2123
2054
2018
2067
2086
2100
1975
2129
2065
2063
2099
2127
2093
2113
2002
2095
2036
2133
2061
1977
2116
2207
2137
2098
2166
2040
2111
2250
2190
2098
2207
1996
2099
2100
2142
2102
2034
2078
2105
2110
2065
1992
2286
2176
2220
2130
2065
2022
2132
2161
2148
2097
2191
1995
2126
2151
2049
2363
2012
2083
2053
2135
2145
2043
2166
2149
2063
2041
2012
2141
2097
2127
2038
2052
2126
2057
2095
2104
2123
2073
2061
1943
2018
2102
2006
2085
2071
2048
2132
2121
2187
2147
2110
2114
1986
2148
2040
2080
2369
2984
2369
2302
2424
2361
2257
2348
2368
2480
2395
2370
2274
2385
2384
2351
2479
2347
2453
2307
2335
2340
2435
2374
2325
2383
2417
2263
2368
2403
2346
2382
2335
2470
8177
2373
2298
2294
2360
2378
2296
2376
2419
2431
2442
2427
2312
2268
2341
2357
2279
2395
2323
2317
2429
2310
2355
2508
2643
2483
2299
2393
2414
2444
2284
2331
2397
2364
2374
2391
2406
2396
2387
2440
2371
2296
2500
2391
2366
2226
2378
2439
2414
2412
2457
2428
2358
2237
2322
2304
2312
2356
2452
2418
2279
12433
2309
2378
2812
2473
2282
2293
2257
2351
2330
3037
2349
2329
2431
2348
2283
2275
3205
2349
2422
2386
2393
2045
2427
1957
2100
1951
2102
2397
2030
1984
1985
1995
1864
2263
2066
1918
2009
2048
1950
1972
2001
2029
1951
1962
1995
2065
1978
2046
1960
2080
1946
2012
1926
2013
2000
1932
2043
1949
2037
2060
2028
1979
1868
1935
1882
1986
2112
1945
2063
2038
2070
2021
1959
1915
1977
2017
1951
2664
2014
1963
1966
1993
1918
2190
1989
2038
1992
1974
1964
2142
2016
2067
1990
2111
1951
1977
1976
2041
2010
2028
1957
2083
2002
2117
2001
1972
2012
1955
2093
1981
2020
2194
2135
2012
1877
2093
2198
2023
1945
2019
2071
1928
2435
2020
1948
2063
2001
2155
2747
2018
2001
2071
2047
2199
2117
1965
2101
2008
1888
2100
2137
1987
2023
2129
1970
2027
2189
2149
2035
2100
1965
1951
2065
1966
2025
2241
2083
1987
1985
2031
1918
1972
2010
2232
1929
2097
2041
1914
1945
2054
1922
2045
2561
2137
2017
2137
2068
2007
2114
1996
2046
1961
2070
2018
2014
2068
2005
2095
1961
2006
1969
1967
1948
2017
1978
1958
2001
1963
1992
1945
2188
2211
2238
2267
2223
2273
2190
2147
2283
2318
2216
2138
2248
2225
2215
2216
2211
2441
2315
2326
2402
2431
2213
2274
2223
2268
2342
2326
2214
2214
2268
2420
2280
2240
2145
2301
2220
2325
2177
2380
2331
2203
2261
2297
2195
2356
2161
2422
2236
2205
2243
2372
2158
2264
2235
2180
2256
2175
2240
2174
2314
2225
2294
2181
2253
2290
2973
2287
2373
2358
2464
2264
2394
2272
2177
2361
2258
2305
2319
2232
2270
2269
2351
2188
2395
2379
2269
2358
2264
2307
2322
2399
2345
2358
2243
2323
2273
2340
2198
2311
2274
2244
2272
2525
2188
2286
2208
2312
2430
2153
2364
2244
2287
2351
2336
2458
2519
2421
2014
1720
1485
1605
1585
1506
1481
1507
1522
1481
1529
1429
1599
1493
1492
1434
1472
1614
1564
1539
1586
1519
1469
1471
1499
1571
1511
1484
1506
1433
1602
1447
1494
1521
1490
1466
1557
1475
1477
1561
1479
1543
1640
1512
1450
1900
1502
1496
1538
1558
1582
1503
1466
1488
1448
1558
1515
1464
1475
1524
1423
1550
1489
1546
1525
1484
1406
1521
1606
1529
1437
1461
1545
1719
1469
1522
1548
1630
1717
1738
1652
1559
1689
1598
1650
1679
1553
1974
1761
1639
1728
1616
1608
1633
1599
1798
1621
1652
1579
1723
1630
1647
1653
1694
1685
1632
1687
1637
1688
1668
1909
1902
1678
1662
1614
1735
1761
1682
1631
1718
1675
1628
1608
1728
1634
1631
1769
1606
1639
1719
1690
1650
1673
1724
1560
1672
1721
1719
1668
1744
1552
1599
1647
1655
1663
1698
1694
1637
1626
1713
1647
1609
1733
1720
1626
1688
1682
1708
1666
1713
1829
1638
1757
1647
1698
1761
1568
1763
1646
1649
1830
1637
1674
1701
1702
1719
1723
1667
1675
1746
1676
1702
1669
1594
1607
1730
1719
1640
1602
1636
1564
1740
1599
1621
1591
1648
1661
1610
1613
1638
1711
1820
1633
1677
1614
1655
1577
1610
1699
1820
1676
1660
1706
1687
1688
1700
1573
1653
2075
1679
1651
1748
1708
1711
1772
1636
1654
1653
1605
1701
1685
1774
1629
1736
1759
1561
1643
1689
1598
1658
1603
1719
1582
1588
1666
1677
1722
1604
1634
1637
1692
1782
1666
1635
1625
1631
1636
1644
1612
1676
1684
1644
1688
1689
1661
1718
1755
1669
1613
1680
1670
1601
1709
1645
1651
1636
1623
1624
1585
1606
1644
1654
1615
1701
1709
1597
1725
1629
1652
1732
1680
1734
1646
1650
1744
1600
1610
1548
1705
1645
1845
1682
1638
1740
1628
1625
1620
1721
1576
1675
1594
1726
1666
1623
1623
1672
1682
1649
1633
1576
1563
1671
1662
1579
1572
1535
1616
1580
1576
1640
1635
1625
1612
1780
1692
1602
1610
1734
1596
1655
1598
1682
1677
1772
1621
1596
1661
1680
1741
1604
1726
1614
1624
1668
1639
1684
1624
1653
1683
1697
1734
1696
1653
1670
1638
1689
1550
1669
1700
1735
1622
1630
1669
1819
1655
1614
1604
1677
1692
1670
1577
1642
1641
1661
1640
1577
1676
1655
1585
1625
1598
1785
1628
1713
1654
1641
1648
1594
1763
1641
1592
1669
1548
1643
1650
1674
1681
1723
1608
1574
1680
1635
1640
1602
1604
1624
1609
1634
1595
1798
1630
1598
1737
1675
1697
1657
1703
1680
1539
1679
1624
1703
1766
1723
1665
1561
1738
1644
1643
1908
1815
1772
2086
1835
1859
1804
1852
1866
1853
1870
1764
1850
1785
1788
1789
1826
1789
1913
1815
1773
1864
1815
1804
1855
1857
1826
1845
1790
1783
1815
1702
1912
1792
1900
1777
1891
1784
1879
1802
1952
1834
1762
1825
1892
1813
1802
1768
1860
1782
1863
1914
1797
1755
1767
1693
1788
1827
1765
1691
1819
1739
1730
1761
1829
1850
1765
1805
1703
1747
1832
1799
1714
1749
1763
1818
1683
1900
1840
1893
1827
1763
1796
1884
1873
1949
1797
1796
1708
1895
1867
1845
1846
1812
1802
2574
1830
1819
1823
1855
1818
1765
1802
1854
1832
1803
1761
1764
1734
1793
1785
1878
1765
1832
1826
1860
1783
1749
1858
1764
1898
1816
1754
1727
1832
1735
1819
1756
1891
2002
1992
2086
2043
2093
2091
2123
2005
1955
1820
2044
2118
1994
2031
2121
1955
1948
2114
2085
2058
2086
2097
2106
2103
1957
2162
2075
1997
2067
1944
2041
2034
2057
2059
1909
1968
2028
2012
2101
1984
2125
2024
2100
2050
2023
2134
1998
2008
2191
2000
2003
2345
1950
2178
2093
2070
2040
2025
1989
1998
2086
1973
2019
2068
1975
2043
2021
1893
2015
2014
2087
1971
1959
2118
2042
2238
2000
2035
2724
2062
2054
1996
1984
2002
2014
2006
1903
1987
1993
1885
2026
2043
1977
2031
1957
1981
2022
2067
2041
2119
1972
2248
2135
2129
1986
1927
1915
1999
2156
2053
2001
2025
2085
1930
1953
2167
1961
2004
2008
2083
2049
2037
2166
2024
1986
2060
2137
2026
2151
1949
1983
1571
1414
1359
1412
1405
1276
1360
1300
1276
1313
1297
1436
1318
1305
1336
1352
1376
1318
1370
1301
1351
1373
1359
1396
1434
1347
1346
1356
1381
1232
1346
13549
1307
1304
1329
1398
1354
1298
1378
1273
1263
1318
1300
1275
1401
1356
1357
1327
1298
1240
1270
1281
1420
1288
1335
1387
1367
1289
1306
1418
1307
1325
1384
1376
1315
1250
1337
1328
1381
1310
1290
1349
1327
1309
1282
1250
1365
1332
1364
1314
1405
1310
1357
1345
1315
1410
1312
1295
1385
1358
1445
1353
1364
1302
1319
1410
1461
1356
1385
1453
1315
1409
1350
1471
1509
1296
1330
1383
1342
1305
1391
1377
1297
1345
1369
1316
1283
1350
1359
1402
1385
1397
1308
4645
1310
1363
1313
1319
1373
1351
1370
1447
1408
1364
1374
1390
1377
1362
1398
1386
1290
1338
1351
1406
1343
1443
1379
1374
1353
1378
1382
1509
1449
1373
1374
1302
1383
1390
1520
1552
1406
1407
1320
1434
1413
1324
1378
1443
1284
1302
1479
1308
1460
1386
1382
1295
1384
1346
1405
1348
1311
1400
1388
1398
1434
1313
1393
1322
1326
1411
1359
1350
1349
1404
1397
1321
1489
1356
1362
1348
1448
1379
1359
1390
1285
1449
1375
1313
1322
1426
1352
1384
1286
1360
1338
1317
1580
1365
1361
1351
1367
1326
1421
1364
1402
1418
1397
1302
1410
1437
1344
1374
1410
1278
1365
1324
1446
1444
1357
1292
1351
1304
1344
1338
1430
1422
1338
1344
1361
1403
1365
1314
1293
1395
1364
1348
1360
1325
1250
1432
1355
1359
1328
1320
1387
1375
1401
1334
1387
1419
1410
1342
1440
1321
1410
1415
1428
1372
1324
1430
1451
1445
1359
1348
1363
1358
1384
1385
1326
1392
1387
1335
1297
1326
1349
1372
1435
1372
1392
1305
1455
1302
1323
1411
1376
1339
1430
1333
1433
1364
1325
1352
1355
1317
1311
1359
1393
1395
1405
1793
1326
1402
1367
1345
1366
1274
1299
1295
1399
1309
1374
1454
1347
1812
1416
1413
1289
1365
1333
1310
1347
1354
1365
1279
1289
1328
1456
1392
1593
1655
1311
1363
1545
2186
1426
1339
1320
1312
1350
1452
1342
1346
1396
1435
1436
1307
1320
1451
1408
1347
1344
1434
1379
1438
1456
1370
1389
1412
1416
1360
1433
1492
1384
1338
1388
1431
1392
1317
1358
1356
1468
1262
1325
1294
1302
1399
1381
1287
1398
1362
1319
1443
1380
1365
1328
1393
1344
1350
1360
1316
1391
1318
1299
1295
1285
1356
1429
1342
1321
1357
1564
1394
1502
1502
1486
1415
1438
1399
1454
1494
1489
1506
1415
1495
1501
1484
1454
1510
1441
1482
1539
1501
1415
1450
1485
1381
1474
1504
1446
1511
1508
1534
1414
1504
1525
1457
1441
1380
1526
1427
1375
1473
1428
1391
1477
1410
1434
1458
1407
1450
1486
1452
1455
1505
1604
1460
1497
1537
1464
1395
1394
1482
1562
1555
1571
1565
1530
1591
1591
1659
1617
1658
1597
1564
1655
1592
1698
1636
1591
1572
1678
1663
1598
1551
1655
1625
1561
1560
1619
1592
1607
1614
1640
1608
1897
1643
1677
1719
1890
1797
1733
1719
1765
1731
1762
1847
1823
2364
1791
1791
1741
1699
1954
1799
1701
1719
1787
1728
1768
1819
1760
1796
1860
1793
1854
1760
1708
1772
1777
1717
1779
1740
1763
1754
1830
1710
1734
1722
1755
1831
1716
1868
1691
1813
1750
1764
1836
1848
1778
1841
1752
1779
1718
1726
1769
1744
1846
1719
1761
1736
1841
1734
1735
1794
1706
1786
1771
1720
1718
1830
1841
1679
1725
1720
1696
1719
1678
1633
1815
1834
1766
1696
1650
1745
1654
1801
1761
1767
1670
1755
1825
1759
1771
1713
1739
1692
1879
1800
1962
1700
2091
1726
1749
1750
1756
1764
1790
1870
1774
1693
1755
1738
1790
1686
1708
1999
1784
1681
1898
1720
1710
1769
1740
2169
1723
1730
1907
1788
1759
1875
1696
1782
1752
1680
1837
1811
1769
1758
1823
1830
1800
1850
1756
1734
1891
1805
1757
1723
1809
1783
1865
1771
1814
1787
1838
1735
1844
1744
1807
1790
1841
1783
1748
1715
1753
1761
1680
1728
1741
1785
1706
1730
1730
1694
1669
1758
1957
1738
1731
1724
1721
1746
1738
1797
1819
1709
1829
1715
2250
1804
1863
1770
1791
1750
1748
1795
1863
1750
1767
1696
1808
1805
1775
1758
1737
1691
1780
1788
1822
1755
1857
1803
1825
1786
1628
1765
1754
1779
1802
1753
1687
1802
1834
1827
1941
1757
1867
2017
1841
1743
2011
1847
1736
1766
1769
1711
1774
1738
1731
1748
1874
1682
1828
1785
1721
1755
1692
1739
1741
1864
1780
1667
1727
1809
1817
1697
1799
1663
1782
1684
1824
1743
1748
1724
1729
1708
1678
1731
1678
1852
1879
1711
1808
1777
1700
1808
1867
1826
1725
1745
1807
1820
1775
1784
1762
1764
1687
1794
1725
1691
1651
1736
1825
1719
1693
1786
1682
1694
1870
1710
1682
1729
1772
1712
1717
1795
1721
1761
1734
1813
1798
1792
1755
1649
1729
1776
1914
1723
1636
1725
2150
1681
1674
1723
1628
1731
1771
1607
1746
1798
1742
1740
1782
1768
1785
2089
1789
1934
1963
2016
1976
2061
1912
1910
1875
1908
1909
1895
1906
2210
2017
1956
2047
1974
1870
1895
2119
1915
2043
1991
2125
2055
2035
2223
1969
1984
1977
1983
2076
1905
1954
2327
1930
1953
1910
1854
1938
2058
1999
2021
1977
1963
1682
1728
1772
1668
1650
1720
1705
1741
1737
1651
1626
1648
1590
1703
1718
1799
1746
1687
1637
1681
1668
1811
1823
1687
1703
1752
1642
1784
1747
1706
1770
1752
1655
1751
1720
1665
1776
1689
1718
1725
1676
1692
1624
1661
1625
1637
1824
1693
1669
1679
1627
1676
1833
1693
1763
1706
1755
1729
1642
1670
1933
1859
58779
1858
1795
1851
1815
1870
1871
1914
1830
1942
1811
1907
1867
1870
1817
1946
1819
1887
1827
1857
1916
1801
1924
1869
2393
1776
1937
1841
1866
1821
1901
1811
1848
1846
1836
1850
1821
1857
1892
1931
1976
1836
1814
1846
1808
1851
1899
1858
1820
1934
1836
1810
1878
1880
1924
1914
1827
1927
1874
1893
1892
2138
1870
1837
1909
1880
1919
1908
1932
1864
2033
1877
1850
1940
1881
1800
1832
1806
1887
1935
1727
1892
1950
2272
1871
2070
2008
1783
1847
1909
1787
1833
1770
1964
1716
1974
1894
1957
1865
1804
1971
1941
1794
1782
1912
1920
1863
2012
1879
1852
1849
1944
1922
1840
1952
1779
1938
2214
2080
2060
2053
2090
2176
2165
2097
1984
2145
2043
2079
2260
2065
2093
1992
2063
2207
2031
2285
2018
2090
2193
2096
1980
2107
2052
2070
2038
1988
2129
2100
2086
2073
2157
1980
2179
2025
2035
2054
2110
2056
2205
2125
2040
2146
2233
2121
2169
2033
2020
2055
2082
2048
2152
2085
2128
2117
2055
2143
2063
2235
2142
2092
2017
2104
2061
2048
2123
2128
2171
2044
2054
2059
2063
2206
2071
2078
2299
2080
1926
2162
2113
2114
2094
2193
2099
2170
2081
2070
2504
2117
2123
2001
2088
2128
2022
2025
2135
2102
2181
2126
2110
2054
2031
2090
2149
2202
2211
2091
2236
2184
2105
2122
2125
2192
2163
2258
2125
2327
2158
2175
2044
2019
2145
2122
2105
2320
2139
2032
2156
2077
2189
2096
2147
2202
2129
2126
2062
2076
2174
2128
1998
2076
2094
2226
2133
2158
1984
2091
1972
2049
2040
2159
2076
2031
2154
2038
2184
2140
2098
2067
2053
2063
2035
2058
2048
2116
2040
2055
2061
2074
2195
2149
2064
2180
2174
2124
2086
2159
1985
2256
2184
2244
2031
2096
2031
2081
2033
2051
2080
2168
2150
2049
2032
2011
2156
2192
2060
2046
2573
2136
2011
2120
2078
2063
2178
2052
2196
2175
2013
2186
2166
2073
2025
1970
2123
2000
2000
2104
2155
2167
2095
2190
2046
2150
2078
1942
2209
2065
1903
2102
2040
2058
2198
1999
2177
2043
2208
2109
2125
2110
2077
2003
2032
2046
2215
2138
2172
2193
2165
2069
2149
2140
2162
2025
2024
2058
2080
2061
2103
2430
2157
2154
2118
2108
2025
2573
2108
2158
2135
2156
2195
2221
2115
2055
2146
2238
2087
2164
2105
2064
2253
2224
2620
2241
2107
2157
2126
2070
2158
2093
2078
2098
2183
2189
2047
2106
2169
2017
2096
2275
2034
2146
1957
2059
2126
2074
2149
2157
2249
2040
2058
2129
2123
2039
2032
2058
2043
2179
2071
2144
2044
2112
2612
2015
2161
2272
2186
2057
2182
2028
2094
2048
2094
2115
2344
2167
2352
2175
2111
2048
2087
2012
2149
2022
2038
2053
2071
2215
1987
2172
2272
2076
2026
2213
2050
2146
2110
2118
2132
2071
2149
2158
2181
2184
2597
2153
2023
2074
2167
2033
2165
2097
2089
2075
2552
2370
2314
2418
2352
2337
2318
2426
2361
2334
2373
2280
2376
2294
2298
2358
2410
2425
2360
2402
2608
2906
2375
2297
2405
2512
2343
2400
2218
2472
2359
2403
2352
2441
2320
2325
2305
2326
2441
2520
2462
2405
2459
2388
2444
2392
2369
2434
2500
2192
2471
2445
2307
2367
2494
2418
2352
2387
2521
2303
2326
2350
2239
2458
2529
2296
2386
2334
2369
2418
2412
2359
2387
2400
2343
2417
2272
2434
2548
2333
2294
2318
2394
2471
2395
2294
2356
2262
2467
2372
2316
2330
2344
2459
2275
2391
2241
2517
2337
2381
2320
2254
2409
2354
2316
2323
2395
2472
2469
2365
2418
2342
2410
2339
2301
2306
2306
2395
2471
2342
2348
2288
2373
2413
2356
2402
2370
2305
2383
2473
2362
2406
2447
2369
2382
2278
2494
2370
2356
2333
2357
2376
2339
2377
2370
2354
2371
2249
2305
2379
2261
2321
2380
2347
2252
2353
2298
2487
2309
2401
2411
2583
2300
2270
2352
2403
2327
2334
2379
2274
2557
2345
2394
2497
2755
2458
2906
2446
2394
2354
2525
2341
2419
2386
2361
2363
2318
2383
2324
2350
2321
2397
2378
2421
2407
2480
2417
2290
2321
2272
2365
2308
2440
2325
2465
2310
2301
2347
2793
2693
2689
2697
2814
2708
2830
2556
2655
2684
2678
2724
2724
2698
2682
3010
3107
3292
3170
3242
3028
3305
3338
3414
3526
3229
3075
3258
3098
3131
3142
3178
3240
3220
3180
3155
3188
3106
3645
3566
3722
3635
3674
3599
3511
3625
3612
3498
3602
3689
3596
3630
3663
3502
3769
3446
3811
3631
3571
3685
3866
3682
3916
3593
3799
3671
3545
3504
3397
3746
3526
3618
3606
3545
3676
3620
3438
3704
3651
3567
3720
3764
3628
4029
3780
3588
2333
2010
1638
1393
1387
1291
1309
1478
1357
1324
1322
1256
1413
1356
1359
1369
1369
1415
1448
1808
1442
1377
1340
1307
1369
1343
1386
1298
1319
1342
1408
1293
1284
1368
1415
1402
1396
1310
1350
1364
1370
1494
1316
1342
1398
1298
1417
1461
1301
1317
1319
1335
1373
1419
1386
1397
1396
1355
1420
1340
1361
1350
1362
1475
1380
1437
1406
1271
1401
1379
1282
1392
1365
1404
1358
1347
1308
1320
1379
1379
1391
1320
1346
1454
1380
1460
1396
1445
1419
1508
1531
1515
1452
1467
1500
1490
1374
1493
1480
1425
1549
1489
1580
1464
1634
1448
1484
1536
1435
1569
1459
1567
1530
2014
1554
1520
1591
1466
1457
1444
1422
1495
1525
1491
1438
1375
1540
1463
1465
1579
1508
1454
1494
1481
1475
1471
1613
1428
1461
1394
1455
1431
1399
1547
1499
1538
1502
1431
1473
1463
1384
1504
1425
1431
1430
1478
1501
1446
1419
1457
1614
1688
1862
1749
1800
1758
1760
1758
1732
1823
1752
1704
1695
1833
1694
1729
1731
1682
1741
1893
1792
1753
1512
1568
1607
1559
1461
1658
1551
1522
1594
1544
1592
1577
1578
1687
1528
1617
1584
1563
1545
1500
1572
1562
1554
1610
1580
1584
1480
1682
1566
1541
1598
1558
1506
1592
1564
1656
1509
1557
1571
1485
1569
1617
1568
1626
1631
1531
1802
1597
1507
1502
1524
1656
1530
1605
1529
1539
1492
1531
1548
1512
1579
1506
1503
1634
1556
1462
1498
1587
1564
1502
1591
1468
1691
1570
1575
1601
1604
1574
1677
1716
1524
1544
1572
1513
1635
1551
1519
1511
1545
1521
1556
1576
1553
1530
1548
1551
1483
1511
1577
1452
1500
1560
1553
1629
1565
1630
1542
1584
1606
1666
1533
1595
1517
1558
1482
1572
1577
1477
1541
1627
1686
1554
1550
1503
1513
1594
1459
2050
1608
1530
1543
1554
1624
1496
1552
1571
1506
1494
1555
1527
1755
1483
1714
1470
1567
1609
1502
1536
1553
1576
1578
1536
1592
1516
1564
1538
1646
1711
1715
1651
1735
1766
1752
1684
1605
1680
1580
1656
1648
1657
2071
1671
1790
1752
1726
1769
1923
1695
1667
1669
1742
1756
1736
1687
1758
1642
2192
1728
1950
1750
1834
1832
1644
1723
1692
1756
1572
1676
1898
1721
1920
1665
1755
1662
1722
1711
1739
1729
1754
1701
1599
1757
1707
1783
1868
1777
1753
1729
1733
1684
1814
1791
1744
1808
1788
1802
1840
1772
1727
1767
1661
1768
1786
1743
1666
1718
1797
1884
1801
1949
1912
1845
1878
1936
1896
1928
2218
1884
1851
1778
1880
1922
1834
1950
1965
1865
1927
1885
1893
1926
1905
1905
2133
1879
1872
1875
1859
1822
1837
1956
1926
1963
1993
1927
1778
1936
1869
1918
2066
1751
1885
1866
1860
1911
1839
1891
1821
1863
1912
1814
1851
1812
1910
1822
1866
1858
1812
2463
1983
2016
1901
1959
1885
1847
1891
1766
1854
1822
1789
1909
1776
1790
1896
1866
1755
1835
1878
1849
1856
1856
1930
1912
1928
1871
1973
1904
1913
1837
1950
1751
1878
1948
2111
1943
2380
1870
1865
1977
1808
1662
1483
1363
1324
1390
1291
1368
1341
1450
1485
1489
1419
1494
1378
1287
1395
1400
1338
1339
1314
1393
1387
1410
1401
1322
1346
1415
1615
1354
1373
1328
1401
1352
1360
1354
1333
1381
1434
1505
1353
1383
1339
1428
1401
1367
1309
1296
1336
1346
1384
1327
1347
1320
1381
1399
1379
1398
1397
1350
1302
1350
1389
1276
1322
1311
1306
1351
1441
1576
1358
1365
1339
1453
1355
1408
1384
1353
1411
1388
1420
1319
1463
1395
1341
1363
1430
1350
1419
1289
1436
1322
1413
1310
1371
1401
1370
1303
1351
1359
1333
1423
1388
1324
1325
1298
1394
1400
1328
1458
1301
1360
1402
1373
1354
1400
1337
1413
1411
1416
1315
1363
1423
1432
1499
1400
1469
1397
1392
1449
1390
1381
1391
1426
1715
1534
1462
1512
1379
1468
1387
1449
1408
1405
1384
1364
1446
1417
1381
1325
1425
1387
1422
1700
1344
1456
1388
1576
1388
1378
1419
1538
1435
1348
1408
1446
1384
1364
1390
1414
1342
1398
1448
1329
1397
1323
1354
1297
1395
1413
1376
1364
1418
1421
1391
1410
1406
1355
1364
1333
1384
1417
1417
1415
1354
1408
1376
1328
1388
1404
1371
1398
1374
1345
1965
1414
1344
1382
1488
1516
68958
1429
1365
1588
1366
1349
1652
1515
1550
1421
1370
1313
1389
1468
1315
1582
1408
1402
1562
1396
1435
1386
1371
1365
1317
1464
1419
1370
1352
1348
1369
1385
1547
1341
1417
1350
1341
1290
1392
1313
1396
1291
1251
1429
1361
1342
1400
1333
1360
1446
1377
1338
1349
1386
1405
1398
1323
1397
1327
1461
1327
1422
1481
1413
1503
1503
1502
1411
1484
1460
1551
1461
1486
1501
1461
1558
1504
1540
1462
1462
1512
1476
1470
1512
1547
1960
1513
1582
1648
1500
1495
1512
1497
1519
1482
1487
1705
1476
1475
1475
1531
1532
1534
1567
1583
1945
1413
1437
1399
1449
1572
1535
1463
1512
1543
1472
1546
1458
1574
1504
1487
1445
1479
1455
1466
1489
1577
1565
1449
1503
1440
1394
1562
1636
1414
1516
1434
1433
1463
1424
1432
1460
1479
1502
1488
1439
1539
1385
1514
1555
1522
1507
1504
1477
1513
1532
1519
1627
1445
1599
1506
1518
1445
1440
1379
1452
1602
1504
1477
1467
1550
1552
1478
1430
1546
1438
1531
1865
1484
1629
1592
1512
1487
1547
1501
1509
1581
1495
1511
1506
1476
1385
1536
1542
1449
1587
1660
1546
1454
1558
1548
1527
1408
1527
1503
1510
1441
1443
1523
1488
1529
1458
1392
1459
1522
1493
1529
1508
1444
1577
1439
1555
1581
1532
1530
1459
1498
1546
1416
1379
1781
1454
1340
1453
1516
1549
1472
1429
1536
1545
1506
1523
1414
1444
1465
1456
1434
1524
1384
1636
1579
1444
1531
1434
1506
1529
1516
1509
1490
1501
1512
1434
1523
1499
1613
1515
1479
1517
1469
1455
1462
1526
1385
1667
1444
1523
2207
1617
2014
1614
1320
1516
1490
1336
1407
1775
1544
1473
1360
1514
1302
1384
1368
1351
1627
1350
1473
1339
1371
1329
1354
1401
1276
1332
1379
1325
1385
6030
1400
1323
1336
1316
1424
1371
1338
1290
1345
1402
1371
1332
1360
1286
1377
1300
1345
1341
1353
1399
1303
1313
1395
1307
1355
1363
1392
1403
1413
1436
1457
1429
1437
1444
1389
1325
1439
1414
1328
1370
1347
1417
1404
1380
1459
1509
1456
1474
1396
1431
1344
1387
1424
1441
1330
1382
1351
1374
1295
1374
1306
1412
1406
1340
1305
1379
1332
1360
1400
1288
1328
1405
1501
1390
1430
1344
1297
1448
1360
1370
1323
1385
1382
1412
1372
1411
1404
1803
1365
1394
1468
1391
1406
1424
1402
1396
1365
1400
1396
1362
1303
1316
1417
1416
1406
1328
1330
1389
1419
1426
1414
1344
1417
1388
1353
1427
1368
1390
1309
1407
1413
1327
1418
1404
1418
1320
1350
1568
1407
1372
1412
1421
1388
1418
1379
1443
1322
1378
1418
1329
1336
1355
1461
1376
1354
1510
1256
1435
1366
1426
1362
1468
1392
1357
1857
1359
1392
1346
1373
1423
1379
1385
1411
1453
1407
1363
1446
1452
1351
1399
1380
1319
1488
1377
1393
1408
1375
1341
1392
1439
1346
1392
1311
1409
1257
1444
1361
1373
1385
1298
1344
1400
1394
1471
1291
1458
1361
1365
1326
1412
1380
1385
1364
1311
1414
1449
1632
1443
1419
1368
1429
1486
1441
1326
1436
1383
1358
1394
1368
1334
1430
1427
1378
1372
1439
1389
1385
1463
1380
1409
1413
1371
1431
1394
1365
1374
1277
1371
1483
1413
1438
1409
1321
1381
1341
1418
1472
1428
1390
1389
1394
1376
1399
1416
1389
1390
1485
1418
1422
1324
1367
1416
1397
1499
1355
1347
1442
1373
1401
1404
1358
1405
1335
1308
1360
1337
1431
1351
1375
1468
1412
1394
1417
1449
1396
1372
1474
1429
1401
1355
1415
1541
1355
1386
1345
1423
1374
1357
1404
1351
1456
1357
1358
1418
1385
1386
1371
1371
1366
1406
1341
1350
1392
1392
1333
1328
1392
1353
1400
1333
1302
1417
1374
1427
1273
1403
1462
1362
1444
1339
1388
1370
1398
1338
1372
1330
1387
1336
1518
1428
1416
1336
1397
1430
1416
1440
1396
1671
1332
1364
1403
1411
1382
1458
1351
1369
1396
1321
1328
1462
1418
1520
1337
1337
1372
1335
1413
1437
1459
1300
1441
1370
1391
1264
1476
1456
1357
1343
1361
1376
1392
1382
1393
1343
1443
1459
1345
1407
1401
1333
1361
1355
1371
1439
1361
1314
1347
1412
1345
1349
1405
1412
1419
1344
1425
1329
1415
1377
1476
1424
1311
1415
1475
1396
1405
1395
1342
1334
1377
1340
1393
1379
1497
1368
1445
1492
1420
1357
1463
1342
1361
1391
1384
1360
1358
1403
1409
1447
1344
1349
1326
1350
1362
1391
1398
1397
1391
1378
1381
1434
1387
1354
1344
1335
1437
1345
1304
1393
1395
1351
1424
1387
1401
1384
1374
1360
1308
1344
1336
1353
1424
1343
1454
1382
1374
1411
1345
1395
1352
1362
1357
1442
1395
1334
1418
1371
1384
1344
1326
1316
1394
1348
1369
1357
1360
1306
1302
1305
1391
1300
1480
1368
1340
1298
1420
1347
1310
1256
1398
1348
1305
1412
1397
1370
1343
1362
1334
1338
1322
1373
1335
1378
1368
1342
1368
1358
1396
1346
1312
1300
1285
1347
1416
1348
1290
1317
1400
1354
1417
1299
1337
1538
1331
1364
1312
1295
1356
1322
1352
1366
1341
1289
1294
1332
1306
1473
1415
1328
1411
1477
1544
1502
1374
1314
1359
1300
1380
1347
1257
1503
1305
1334
1332
1355
1352
1373
1362
1350
1319
1357
1338
1467
1385
1353
1323
1331
1289
1349
1501
1362
1359
1331
1412
1311
1362
1265
1380
1334
1316
1384
1379
1312
1359
1657
1315
1306
1281
1375
1374
1418
1386
1306
1288
1393
1340
1359
1352
1278
1359
1397
1369
1401
1376
1389
1457
1398
1461
1521
1399
1379
1356
1410
1438
1354
1492
1431
1289
1312
1336
1418
1373
1350
1333
1405
1455
1409
1351
1364
1345
1404
1352
1282
1384
1424
1366
1399
1379
1347
1432
1398
1458
1374
1534
1417
1253
1368
1387
1352
1365
1377
1288
1374
1313
1439
1499
1385
1391
1496
1330
1357
1373
1371
1464
1488
1419
1371
1545
1354
1364
1381
1396
1318
1388
1370
1382
1402
1412
1323
1411
1292
1347
1375
1440
1322
1362
1377
1353
1380
1368
1421
1348
1282
1366
1422
1371
1322
1312
1371
1405
1359
1351
1427
1378
1357
1280
1325
1348
1372
1345
1370
1390
1366
1350
1318
1388
1371
1450
1382
1407
1334
1398
1405
1470
1387
1349
1435
1452
1655
1487
1577
1547
1502
1564
1553
1498
1496
1556
1470
1445
1512
1477
1496
1567
1550
1564
1455
1580
1457
1390
1451
1471
1542
1442
1457
1474
1445
1380
1519
1500
1455
1479
1514
1492
1535
1550
1623
1517
1512
1465
1499
1469
1488
1432
1522
1492
1487
1492
1455
1456
1484
1457
1427
1546
1494
1487
1487
1502
1450
1428
1517
1597
1496
1515
1472
1438
1576
1629
1465
1470
1495
1695
1675
1577
1629
1546
1710
1564
1610
1661
1704
1612
1670
1626
1626
1713
1572
1620
1576
1662
1621
1619
1568
1717
1649
1621
1635
1740
1623
1814
1663
1726
1727
1608
1878
1617
1658
1640
1532
1723
1618
1643
1595
1598
1621
1641
1634
1626
1562
1600
1675
1622
1754
1520
1573
1631
1590
1543
1656
1677
1617
1680
1655
1671
1533
1537
1639
2023
1576
1696
1591
1630
1641
1701
1623
1576
1555
1603
1635
1668
1542
1605
1627
1590
1681
1637
1607
1665
1595
1642
1721
1604
1589
1619
1561
1618
1727
1622
1588
1713
1637
1628
1669
1545
1665
1718
1559
1521
1566
1646
1664
1622
1586
1671
1633
1587
1763
1662
1668
1629
1797
1579
1693
1614
1471
1709
1572
1630
1613
1641
1526
1804
1625
1599
1639
1629
1791
1725
1667
1630
1586
1636
1727
1719
1561
1641
1624
1655
1666
1664
1579
1582
1628
1550
1596
1621
1715
1741
1637
1652
1529
1711
1672
1645
1699
1649
1593
1639
1676
1595
1694
1649
1649
1706
1548
1587
1705
1634
1691
1688
1606
1574
1716
1643
1705
1587
1609
1628
1624
1613
1674
1589
1662
1672
1640
1662
1658
1592
1659
1601
1836
1645
1650
1654
1656
1555
1691
1590
1592
1718
1606
1601
1688
1726
1573
1659
1602
1641
1508
1653
1670
1580
2006
1615
1697
1804
1696
2098
1590
1622
1566
1610
1621
1590
1544
1639
1636
1619
1658
1656
1616
1503
1565
1586
1584
1662
1572
1613
1673
1595
1667
1626
1662
1659
1608
1611
1569
1530
1590
1623
1556
1625
1677
1674
1569
1679
1622
1577
1542
1774
1565
1561
1618
1567
1590
1612
1589
1731
1593
1540
1659
1566
1538
1575
1586
1658
1637
1674
1583
1724
1710
1614
1623
1600
1597
1576
1649
1700
1618
1735
1623
1564
1614
1668
1626
1620
1580
1756
1785
1735
1807
1682
1756
1815
1857
1994
1729
1792
1742
1737
1813
1763
1757
1755
1779
1711
1695
1745
1787
1779
1731
1788
1730
1724
1745
1781
1759
1808
1648
1843
1798
1845
1746
1714
1758
1678
1743
1773
1818
1829
1784
1806
1763
1825
1870
1769
1726
1845
1777
1902
1687
1799
1702
1633
1709
1763
1701
1713
1860
1729
1700
1753
1697
1875
1908
1839
1912
1777
1730
1850
1936
1814
1834
1759
1721
1700
1795
1744
1748
1881
1746
1836
1748
1727
1753
1980
1818
1705
1820
1680
1741
1768
1765
1810
1675
1715
1776
1735
1826
1740
1723
1798
1724
1813
1743
1763
1842
1705
1727
1672
1780
1725
1703
1860
1796
1753
1863
1760
1744
1702
1697
1790
1741
1683
1826
1794
1784
1696
1807
1877
1824
1750
1692
1855
1811
1726
1744
1644
1672
1823
1811
1662
1918
1742
1759
1757
1786
1771
1780
1760
1773
1815
1826
1666
1856
1756
1826
1786
1806
1840
1843
1720
1743
1772
1719
1782
1650
1861
1765
1749
1780
1790
1830
1795
1714
1800
1821
1835
1793
1734
1738
1782
1797
1669
1700
1749
1801
1806
1805
1864
1787
1642
1655
1808
1697
1838
1793
1770
1848
1761
1731
2062
1995
1817
1789
1827
2147
1770
1732
1787
1776
1709
1814
1802
1623
1790
1777
1744
1754
1692
1744
1772
1767
1795
1802
1814
1824
1733
1891
1831
2094
1796
1666
1712
1906
1737
1659
1795
1771
1742
1786
2078
1906
1771
1734
1780
1785
1811
1797
1850
1840
1801
1779
1708
1886
1789
1763
1783
1764
1805
1796
1718
1675
1786
1765
1966
1816
2171
1810
1670
1841
1675
1801
1767
1740
1748
1782
1872
1768
1703
1809
1680
1734
1871
1775
1726
1757
1809
1763
1814
1843
1714
1823
1780
1720
1773
1762
1795
1871
1795
1786
1688
1697
1753
1818
1711
1724
1748
1826
1740
1682
2119
1760
1805
1690
1806
1659
1803
1693
1747
1828
1765
1729
1810
1764
1761
1753
1822
1784
1860
1818
1842
1738
1703
1788
1784
1715
1781
1755
1780
1754
1721
1798
1777
1764
1790
1812
1649
1835
1708
1752
1720
1804
1763
1744
1747
1754
1838
1750
1829
1819
1815
1883
1826
1823
1652
1767
1794
2025
1843
1783
1863
1801
1745
1919
1823
1765
1839
1801
2184
1809
1704
1828
1799
2309
1747
1827
1806
1754
1760
1808
1710
1744
1781
1748
1787
1809
1847
1813
2184
1717
1879
1823
1973
1698
1869
1804
2293
1810
1766
1719
1733
1855
1722
1731
1734
1822
1774
1695
1856
1894
1797
1733
1751
1806
1745
1784
1708
1771
1761
1738
1706
1757
1676
1771
1777
1818
1821
1741
1790
1760
1806
1790
1794
1773
1736
1861
1681
1767
1817
1829
1650
1865
1852
1811
1659
1830
1691
1754
1797
1769
1692
1760
1742
1868
1741
1765
1775
1795
1740
1735
1731
1798
1812
1850
1867
1955
1802
1790
1761
1747
1696
1697
1776
1749
1801
1724
1788
1654
1897
1849
1856
1722
1787
1765
1796
1758
1751
1783
1750
1885
1809
1743
1829
1811
1827
1784
1809
1833
1756
1710
1755
1747
1823
1667
1817
1693
1729
1775
1818
1781
1821
1728
1840
1682
1766
1763
1798
1842
1768
2055
1760
1783
1843
1688
1795
1808
1873
1880
1689
1833
1763
1697
1738
1684
1781
1749
1749
1786
1710
1804
1766
1708
1744
1829
1807
1753
1857
1674
1853
1820
1771
1748
1738
1731
1810
1770
1745
1726
1820
1695
1767
1757
1741
1716
1840
1907
1928
1815
1689
1800
1793
1864
1887
1733
1738
2316
1832
1745
1931
1736
1795
1798
1686
1743
1776
1744
1789
1750
2249
1748
1913
1900
1802
1623
1458
1400
1428
1450
1325
1378
1406
1336
1304
1507
1329
1330
1398
1226
1349
1340
1371
1393
1414
1399
1382
1334
1303
1337
1377
1439
1507
1332
1279
1342
1289
1476
1392
1286
1300
1338
1330
1408
1332
1327
1337
1362
1305
1400
1272
1259
1304
1353
1358
1306
1302
1385
1411
1349
1242
1255
1408
1284
1292
1645
1404
1384
1384
1350
1333
1437
1332
1324
1322
1389
1444
1412
1388
1368
1398
1396
1339
1417
1428
1355
1370
1374
1401
1338
1365
1388
1397
1406
1564
1322
1374
1285
1385
1349
1283
1386
1422
1395
1428
1423
1408
1391
1434
1459
1320
1384
1335
1395
1335
1418
1406
1463
1401
1432
1392
1465
1322
1349
1456
1391
1395
1327
1422
1389
1321
1392
1403
1354
1324
1356
1426
1356
1387
1308
1354
1342
1307
1377
1318
1353
1416
1371
1321
1347
1353
1390
1451
1548
1374
1343
1384
1353
1404
1434
1664
1361
1468
1294
1452
1364
1352
1416
1360
1360
1403
1339
1379
1385
1339
1401
1450
1545
1564
1381
1321
1476
1416
1315
1319
1340
1402
1503
1585
1458
1542
1433
1486
1466
1741
1716
1661
1616
1625
1683
1675
1617
1607
1657
1647
1646
1605
1610
1706
1694
1686
1724
1601
1688
1543
1508
1671
1592
1583
1563
1651
1711
1635
1486
1644
1525
1642
1659
1605
1722
1645
1672
1618
1545
1635
1592
1617
1650
1582
1552
1570
1538
1635
1685
1564
1671
1582
1631
1607
1518
1693
1546
1652
1648
1561
1675
1732
1601
1604
1612
1643
1638
1587
1598
1667
1797
1716
1620
1664
1668
1598
1661
1657
1617
1600
1474
1639
1673
1663
1574
1649
1707
1545
1644
1740
1598
1512
1610
1732
1661
1583
1643
1565
1688
1618
1557
1614
1690
1673
1731
1532
1615
1562
1572
1573
1612
1604
1623
1762
1596
1669
1596
1646
1749
1603
1637
1602
1581
1564
1643
1686
1661
1609
1564
1619
1563
1628
1525
1665
1712
1623
1611
1684
1615
1722
1629
1611
1587
1560
1650
1641
1566
1645
1651
1709
1543
1690
1614
1674
1639
1729
1650
1916
1696
1997
1655
1601
1675
1606
1668
1612
1650
1557
1604
1537
1601
1409
1374
1379
1518
1486
1345
1395
1352
1368
1575
1419
1350
1316
1405
1452
1384
1345
1349
1572
1360
1317
1374
1348
1288
1369
1349
1337
1243
1316
1315
1349
1266
1377
1374
1473
1384
1372
1470
1364
14079
1282
1383
1259
1321
1247
1408
1330
1374
1383
1395
1377
1328
1313
1324
1359
1370
1494
1467
1438
1424
1346
1349
1300
1335
1362
1352
1329
1295
1404
1378
1421
1386
1367
1394
1364
1422
1338
1382
1334
1474
1374
1323
1341
1342
1359
1450
1323
1349
1382
1309
1402
1375
1314
1354
1347
1366
1338
1350
1365
1389
1401
1383
1332
1352
1483
1322
1348
1335
1313
1305
1337
1377
1365
1315
1325
1435
1279
1375
1355
1357
1320
1306
1265
1294
1388
1366
1433
1419
1409
1381
1354
1268
1390
1436
1431
1305
1453
1323
1384
1383
1386
1429
1407
1447
1345
1457
1287
1387
1372
1354
1496
1628
1363
1373
1404
1363
1395
1368
1392
1429
1367
1399
1421
1387
1374
1348
1304
1370
1336
1396
1437
1529
1607
1473
1357
1426
1637
1532
1387
1380
1379
1406
1686
1424
1493
1387
1355
1332
1318
1395
1403
1432
1426
1352
1360
1552
1346
1426
1343
1412
1428
1358
1396
1372
1497
1463
1418
1405
1375
1400
1363
1384
1316
1400
1435
1449
1407
1481
1371
1388
1332
1463
1462
1305
1387
1399
1339
1362
1455
1362
1328
1433
1372
1346
1351
1349
1506
1327
1370
1372
1405
1371
1315
1395
1402
1361
1574
1331
1332
1296
1483
1373
1352
1354
1324
1342
1477
1349
1407
1452
1434
1354
1471
1420
1390
1414
1361
1374
1401
1428
1405
1308
1444
1425
1424
1521
1400
1363
1372
1532
1514
1407
1425
1387
1299
1435
1373
1375
1367
1318
1361
1349
1410
1447
1376
1446
1409
1396
1454
1441
1423
1443
1412
1333
1391
1341
1435
1387
1303
1377
1572
1382
1390
1417
1346
1414
1396
1411
1384
1424
1327
1381
1340
1417
1308
1411
1405
1407
1354
1372
1410
1417
1372
1347
1398
1248
1404
1437
1401
1398
1393
1372
1456
1326
1399
1374
1371
1528
1569
1474
1483
1392
1453
1455
1461
1468
1437
1463
1442
1524
1484
1541
1512
1914
1476
1476
1933
1567
1703
1450
1490
1907
1694
1691
1468
1498
1524
1485
1479
1519
1406
1466
1407
1524
1485
1420
1611
1376
1464
1479
1549
1511
1521
1450
1468
1510
1480
1475
1422
1499
1508
1487
1569
1469
1472
1485
1485
1515
1561
1475
1511
1546
1494
1417
1872
1468
1569
1567
1540
1571
1421
1558
1538
1530
1556
1458
1584
1508
1512
1527
1437
1608
1468
1483
1552
1561
1400
1498
1463
1559
1448
1505
1513
1442
1523
1455
1505
1513
1594
1613
1530
1538
1532
1583
1516
1544
1480
1474
1450
1482
1399
1499
1623
1493
1514
1461
1421
1539
1545
1507
1473
1471
1397
1571
1488
1529
1407
1527
1518
1542
1448
1573
1609
1539
1595
1455
1556
1476
1432
1493
1357
1477
1470
1410
1499
1547
1549
1459
1482
1504
1464
1419
1711
1460
1465
1530
1475
1514
1592
1511
1480
1471
1493
1477
1453
1479
1531
1523
1479
1512
1515
1445
1538
1504
1514
1576
1500
1450
1474
1423
1486
1431
1473
1445
1543
1485
1525
1522
1524
1517
1460
1505
1484
1520
1645
1657
1676
1610
1671
2181
1611
1636
1669
1687
1607
1617
1674
1612
1649
1665
1690
1676
1643
1613
1629
1662
1620
1594
1984
1551
1659
1583
1607
1602
1557
1565
1617
1557
1725
1804
1530
1577
1566
1653
1664
1634
1522
1363
1323
1456
1347
1313
1422
1412
1350
1386
1311
1425
1303
1379
1510
1351
1276
1417
1332
1351
1262
1224
1338
1300
1298
1361
1407
1344
1487
1332
1335
1336
1339
1386
1361
1276
1336
1391
1368
1332
1388
1376
1402
1393
1378
1315
1368
1319
1333
1336
1297
1358
1364
1241
1311
1290
1358
1275
1375
1321
1373
1382
1336
1353
1392
1435
1426
1362
1267
1348
1382
1380
1355
1424
1319
1256
1377
1339
1302
1231
1289
1349
1304
1330
1379
1682
1315
1347
1787
1417
1807
1346
1650
1354
1424
1364
1434
1580
1357
2267
1420
1390
1417
1387
1395
1379
1330
1360
1315
1373
1401
1326
1525
1414
1430
1324
1450
1360
1330
1308
1355
1587
1442
1749
1655
1667
1551
1381
1310
1284
1386
1353
1352
1312
1344
1272
1463
1338
1338
1330
1392
1388
1455
1338
1342
1349
1408
1379
1283
1288
1334
1402
1281
1314
1272
1305
1390
1409
1362
1382
1419
1305
1329
1368
1297
1271
1340
1420
1320
1351
1319
1290
1366
1320
1325
1266
1362
1304
1341
1324
1331
1290
1356
1339
1391
1421
1333
1324
1401
1370
1397
1329
1392
1335
1373
1437
1380
1326
1336
1285
1367
1329
1379
1410
1358
1498
1324
1396
1374
1317
1374
1396
1335
1335
1378
1339
1354
1306
1331
1321
1328
1402
1312
1337
1310
1295
1325
1357
1294
1343
1410
1502
1519
1471
1499
1452
1402
1474
1438
1418
1440
1536
1462
1471
1558
1355
1430
1472
1572
1441
1543
1430
1513
1550
1419
1385
1356
1563
1384
1430
1470
1407
1400
1493
1409
1406
1483
1420
1428
1464
1343
1405
1436
1380
1428
1380
1408
1461
1425
1455
1493
1468
1416
1439
1408
1419
1514
1558
1471
1436
1521
1441
1431
1526
1478
1640
1496
1508
1451
1426
1583
1436
1409
1509
1470
1431
1468
1490
1444
1485
1429
1441
1522
1371
1481
1453
1377
1501
1497
1714
1542
1427
1448
1484
1394
1407
1455
1443
1506
1454
1389
1493
1456
1510
1438
1485
1397
1459
1907
1457
1388
1473
1414
1504
1446
1387
1472
1465
1450
1411
1419
1486
1645
1441
1598
1381
1522
1472
1820
1471
1428
1399
1420
1464
1382
1419
1356
1365
1448
1457
1494
1451
1521
1464
1415
1443
1410
1449
1470
1522
1431
1450
1422
1397
1463
1507
1514
1461
1460
1454
1452
1424
1516
2707
1480
1385
1415
1651
1493
1423
1419
1419
1405
1386
1458
1466
1494
1403
1475
1393
1421
1422
1388
1417
1431
1394
1433
1400
1455
1475
1449
1636
1416
1463
1581
1489
1440
1445
1445
1434
1407
1423
1416
1486
1473
1422
1456
1427
1442
1466
1406
1374
1534
1451
1440
1378
1496
1515
1374
1527
1493
1480
1499
1579
1555
1536
1586
1601
1528
1620
1592
1850
1529
1573
1518
1500
1616
1534
1594
1560
1550
1536
1636
1526
1604
1675
1763
1666
1737
1701
1707
1635
1787
1651
1675
1838
1696
1776
1671
1802
2111
1740
1742
1698
1738
1724
1742
1730
1930
1692
1507
1495
1587
1518
1534
1531
1479
1524
1525
1422
1536
1537
1524
1486
1529
1486
1566
1481
1586
1512
1551
1515
1539
1575
1579
1520
1556
1617
1533
1685
1568
1521
1523
2006
1521
1339
1381
1643
1544
1368
1353
1303
1358
1317
1392
1302
1372
1404
1333
1345
1308
1429
1379
1441
1375
1315
1367
1479
1322
1383
1294
1366
1345
1367
1363
1372
1400
1375
1455
1456
1366
1368
1395
1340
1389
1354
1344
1277
1286
1345
1333
1309
1270
1304
1379
1332
1288
1394
1445
1526
1423
1418
1407
1312
1438
1408
1404
1425
1334
1388
1330
1353
1359
1310
1347
1376
1375
1394
1315
1335
1322
1331
1391
1413
1318
1440
1311
1321
1357
1478
1402
1304
1321
1421
1328
1443
1360
1309
1382
1364
1353
1366
1402
1425
1403
5418
1332
1354
1355
1361
1300
1484
1431
1530
1550
1406
1494
1493
1519
1438
1446
1548
1504
1479
1421
1464
1570
1581
1447
1947
1886
1452
1482
1412
1459
1432
1490
1506
1514
1475
1378
1494
1396
1459
1557
1524
1646
1495
1430
1593
1446
1552
1522
1557
1608
1510
1500
1551
1556
1461
1472
1489
1490
1515
1502
1482
1503
1414
1489
1492
1474
1437
1551
1409
1401
1479
1585
1682
1582
1693
1560
1625
1608
1522
1597
1674
1610
1685
1581
1657
1682
1620
1708
1600
1659
1674
1730
1498
1333
1369
1358
1326
1353
1350
1295
1342
1265
1390
1291
1290
1352
1302
1226
1351
1331
1373
1313
1317
1403
1374
1377
1382
1376
1378
1341
1354
1352
1324
1324
1381
1410
1357
1310
1363
1238
1358
1364
1302
1416
1971
1314
1353
1392
1449
1370
1380
1422
1332
1400
1348
1389
1364
1350
1318
1388
1329
1358
1281
1311
1430
1273
1350
1366
1384
1300
1395
1341
1287
1310
1334
1336
1286
1281
1323
1335
1337
1294
1318
1338
1283
1306
1350
1386
1342
1326
1300
1358
1409
1325
1458
1418
1397
1370
1400
1390
1399
1335
1415
1451
1359
1409
1352
1337
1350
1447
1288
1378
1383
1341
1404
1396
1338
1342
1299
1407
1343
1330
1408
1428
1299
1396
1373
1443
1693
1505
1567
1554
1679
1589
1656
1644
1648
1808
1791
1770
1769
1789
2052
1812
1682
1825
2136
1787
1883
1808
1846
1827
1942
1878
1783
1725
1792
1735
1742
1812
1739
1757
2424
1771
1743
1894
1683
1722
1708
1765
1670
1723
1739
1769
1746
1711
1822
1699
1757
1876
1716
1725
1796
1813
1821
1752
1771
1852
1873
1824
1694
1844
1630
1717
1804
1936
2013
1815
1841
1751
1793
1782
1787
1752
1791
1707
1753
1774
1827
1709
1803
1758
1776
1790
1778
1791
1800
1773
1693
1852
1711
1726
1727
1687
1667
2056
1727
1810
1751
1944
1761
1789
1777
1787
1783
1876
1680
1801
1746
1795
1730
1762
1783
1710
1646
1758
1813
1814
1685
1862
1782
1740
1729
1883
1729
1761
1874
1786
1739
1764
1702
1820
1776
1714
1717
1868
1726
1773
1731
1761
1850
1752
1700
1855
1758
1756
1734
1710
1733
1807
1712
1730
1673
1658
1846
1775
1770
1802
1791
1838
1779
1802
1795
1814
1737
1708
1734
1699
1747
1727
1707
1969
1755
1790
1799
1735
1787
1759
1663
1696
1846
1691
1838
1858
2252
1744
1708
1823
1794
1683
1838
2144
1809
1756
1773
2297
1799
1805
1822
2132
1770
1896
1705
1769
1860
1733
1776
1806
1799
1950
1882
1914
1790
1716
1844
1969
1739
1852
2040
1892
2080
1752
1792
1744
1874
1860
1755
1824
1731
1715
1729
1872
1720
1768
1848
1762
1742
1793
1715
1729
2260
1821
1842
1773
1687
1876
1761
1673
1717
1853
1816
1927
1723
1783
1737
1769
1795
1759
1693
1744
1788
1783
1734
1671
1667
1884
1792
1872
1744
1859
1784
1728
1818
1865
1720
1727
1643
1721
1786
1766
1759
1684
1846
1844
1708
1854
1802
1720
1738
1955
1921
1883
1893
1911
1957
2011
1963
1873
1920
2027
1863
1968
1916
1840
1904
1866
1864
2021
1962
2051
1832
1970
1863
1880
1889
1889
1936
2013
1900
1878
1944
2001
1864
1918
1917
2022
1829
1969
2017
1893
1955
1914
1878
2015
1948
1917
1966
1855
1999
2060
1896
2051
1962
1957
1962
1943
1921
1877
2037
2468
1903
1945
1882
1825
2165
2009
1863
1941
1949
1981
1875
1973
1955
1920
1949
1928
1832
2049
2044
1886
2151
1942
2038
1938
1858
1890
1946
1936
1969
2052
1921
1940
2082
1891
1927
2048
1982
1886
2012
1990
1883
1865
1884
1998
1903
1804
1977
1931
1900
1878
1864
1904
1955
1833
1888
2030
1962
1975
1914
1980
1931
1948
1991
1999
1922
1828
2025
1895
2162
1901
1995
1833
2029
2054
1884
1949
1957
2003
1953
1933
2037
1827
1789
1788
1757
1728
1685
1715
1701
1687
1664
1645
1641
1700
1694
1615
1723
1676
1727
1695
1692
1683
1719
1710
1717
1685
1692
1646
1700
1776
1728
1659
1788
1716
1626
1749
1807
1833
1688
1771
1674
1818
1759
1779
1796
1749
1767
1700
1707
1664
1734
1664
1674
1687
1751
1725
1728
1706
1741
1642
1669
1745
1735
1714
1662
1739
1638
1741
1762
1715
1720
1657
1612
1680
2337
1735
1692
1676
1636
1664
1778
1667
1665
1738
1753
1703
1701
1812
1694
1743
1770
1767
1706
1652
1625
1775
1804
1704
1611
1756
1588
1702
1724
1643
1698
1605
1677
1648
1727
1731
1694
1787
1646
1727
1808
1726
1636
1702
1612
1701
1758
1818
1860
1709
1880
1655
1747
1785
1624
1662
1596
1651
1678
1677
1783
1787
1771
1758
1737
1622
1677
1689
1727
1833
1638
1593
1598
1668
1837
1693
1755
1731
1832
1690
1623
1641
1647
1741
1731
1683
1759
1591
1693
1691
1709
1731
1678
1616
1806
1703
1844
1687
1662
1695
1706
1624
1695
1669
1725
1590
1676
1710
1763
1679
1946
1952
1833
1884
1835
1791
1863
1847
1888
1882
1857
2013
1868
1834
1882
1850
1870
1793
1857
1798
2062
1865
2080
1746
1849
1875
1835
2000
1855
1823
1838
1882
1890
1977
1859
1898
1818
1823
1877
1913
1828
1951
1866
1897
1962
2002
1818
1836
1887
1919
2026
1844
1821
1812
1820
1904
1835
1802
1834
1892
1911
1825
2047
1873
1781
1851
1862
1875
1844
1941
1800
1930
1867
1987
1913
1878
1937
1861
1999
1909
1983
1938
1849
1881
1927
1883
1829
2089
1937
1856
1847
1761
1995
1901
1976
1765
1914
1925
1899
1781
1872
1904
1887
1784
1917
1835
2461
1918
1815
1868
2002
2165
1954
1811
1956
1906
1869
1826
1824
1912
2047
1841
1868
1864
1878
1926
1827
1816
1869
1816
1864
1778
1862
1859
1827
1885
1860
1888
1835
1791
1829
1868
1910
1880
1903
1937
1850
1876
1885
1897
1791
1883
1887
1826
1821
1870
1912
1862
1890
2120
1833
1894
1925
1859
1863
1983
1973
2012
2035
1862
1944
1869
1790
1879
1871
1787
1813
1885
1840
1925
1900
2008
1862
1828
1814
1871
1883
1973
1866
1848
1987
1970
1901
1882
1958
1776
1962
1789
1922
1791
1822
1913
1819
1875
1919
1999
1829
1784
1815
1960
1961
1983
1855
2212
1876
1994
1856
1931
1800
1785
1881
1861
1859
1886
1769
1861
1798
1863
1933
1817
1771
1813
1957
1958
1838
1889
1888
1818
1818
1992
1818
1805
1876
1828
1886
1888
1867
1814
1855
1950
1871
1924
1834
1890
1888
1878
1951
1818
1938
1904
1857
1799
2185
1897
1877
1891
